         0.432065217391304         0.364130434782609         0.353260869565217         0.445652173913043         0.271739130434783
         0.581237309517108         0.496265309642919         0.481478317697483         0.573570261437909         0.427345074222681
         0.495318744916422         0.419462179460585         0.407140892893406         0.501246100397051         0.331925685544107
                    28.625                     31.75                    31.875                      28.5                    44.125
              1.3718033625              1.9872834625               1.541334125               1.076937475                 0.2216069
         0.529891304347826         0.502717391304348         0.448369565217391         0.508152173913043          0.27445652173913
         0.599030206398124          0.57243019040027         0.511840287331096         0.551333054943733           0.3362955346651
         0.562108959529497         0.534999589466414         0.477750809653919         0.528700237965283          0.30167807447033
                     23.25                    24.875                    26.625                     25.25                    52.625
              1.8467227375              2.7206865625              2.4933007125              1.5609777375              0.2881465875
         0.584239130434783         0.478260869565217         0.491847826086956                    0.5625         0.315217391304348
         0.631192636497869         0.508576605381118          0.53170297906543         0.570313864076873         0.321953509645578
         0.606597793700942         0.492669481384209         0.510815465830254         0.566145178652825         0.318107695877899
                     20.75                    26.375                        25                    23.875                    56.125
              2.0953631875                 3.0794813              2.8363231125              1.7740709375              0.3483023625
         0.369822485207101         0.322115384615385         0.328032544378698         0.343565088757396         0.222263313609467
         0.538054577862628          0.46747034605591           0.4805234305112         0.464288267007137         0.363530070520024
         0.438279970664788         0.381351581250398         0.389833935028259         0.394882193179617          0.27579146053916
                       237                   252.125                    248.75                   252.625                    343.25
               294.1542051             503.028271875             298.633219775            194.4131577125              29.759231075
         0.492603550295858         0.455251479289941         0.468195266272189         0.461908284023669         0.258505917159763
         0.526259098303086          0.48880149721502         0.504104460762557         0.470110094478961         0.275070649328128
          0.50878426683396          0.47137539127935         0.485419006549256         0.465926622048115         0.266461585663851
                   201.625                    212.75                   207.125                   223.125                   418.875
             337.221529125            668.1985858375               546.7558278            329.7985718875             54.6654903375
         0.581360946745562          0.49112426035503         0.507396449704142          0.47707100591716         0.285872781065089
         0.584111152918316         0.494862423135525         0.512341189999579         0.465384800311808         0.271605323810144
         0.582688559590404         0.492951787423369         0.509827429425903         0.471122413761804          0.27846532523751
                     178.5                       208                   201.375                   221.125                   442.125
            455.3088490625            881.1505214125            704.1029011375               421.7884907              70.367913625
         0.398671096345515         0.374169435215947         0.370847176079734         0.351744186046512         0.216985049833887
         0.566717191197014          0.54332270476619         0.536392259501117         0.463884369351174         0.336097906798768
           0.4680207974777         0.443121839699616         0.438484898889463         0.400063107085657         0.263677547637738
                   381.625                    391.75                       394                       432                   623.125
            1279.140518875             3083.24821075           1710.1800988875             1140.43148215            173.6919740125
         0.585755813953488         0.543397009966777         0.529277408637874         0.504360465116279         0.263289036544851
         0.654676795033627         0.607530416140335         0.592400324065819          0.52874416924112          0.26918624750403
         0.618257178758175         0.573629157085785          0.55901977322402         0.516246697295472         0.266165529492066
                   265.125                   290.875                   298.375                   345.125                   760.875
           1792.8864441375            3927.162015275           3044.7504403625             1856.09042195              327.82481295
         0.631852159468439         0.569559800664452         0.562915282392027         0.523463455149502         0.274916943521595
         0.679653995851665         0.613952360869999         0.607489468291736         0.527726513392801         0.231652910910086
         0.654835390918959         0.590881750543357         0.584317877961694         0.525556582526173         0.251398153729473
                    240.25                    276.75                       280                   337.125                    871.75
             2083.59616385            4337.902965925            3679.587556675           2187.8165105875            456.6742708125
         0.280333333333333         0.269333333333333         0.256444444444444         0.271666666666667         0.181333333333333
         0.378808961666078         0.372817903188394         0.354391169972551         0.346762912743064         0.270838251713347
         0.322185058718885         0.312699548256778         0.297532386762423         0.304629853140564         0.217211466967937
                    1014.5                  1011.875                  1026.625                      1056                   1299.25
           8804.1362533875          17992.3163781625            10619.39131725             7138.16065225           1131.9375553875
         0.452111111111111         0.387888888888889         0.400888888888889                     0.383                     0.222
         0.418933459391373         0.361917392211606         0.372397225210115         0.342776576126863         0.192195120891601
          0.43485450524048         0.374419924790092         0.386086385002995         0.361734251281809         0.205995776962331
                    939.75                  1003.875                    994.25                  1043.625                  1701.625
           17232.781650625             27524.7652099          20361.2335605625           12134.287454775           2032.4058974875
                     0.453         0.410222222222222         0.433333333333333         0.425111111111111         0.240888888888889
         0.410408232773271         0.373443613975623         0.395185297893933         0.374481393936505         0.177542642829747
         0.430637423649706         0.390954861485402         0.413358061100781         0.398156274132544         0.204357453559393
                    917.25                    959.75                   931.375                       967                  1881.875
          16780.9624647375           31743.050640175             24669.7064538          14737.0357759125            2772.145859875
